defenir2	2	17415 | 17474
defroissier	2	17548 | 17549
degrader	2	17632 | 18937
demeine	2	17919 | 17931
descendant	2	18655 | 18659
descort1	2	18482 | 20185
deserdre	2	18500 | 18847
deserter	2	18856 | 18857
desfaire	2	17373 | 17375
desfer1	2	17458 | 18916
desor	2	19383 | 19384
despris	2	18344 | 18345
destreindre	2	19430 | 19431
destroit	2	19639 | 19640
desus	2	5423 | 19386
desver	2	19476 | 19496
devin1	2	19744 | 20451
deviner	2	19752 | 19754
deviser	2	19764 | 20466
devison	2	19767 | 20472
dieu	2	7468 | 19949
diferent	2	19975 | 19976
disner	2	20108 | 20109
dit	2	17702 | 20409
ditan	2	20122 | 20123
ditor	2	19926 | 19927
divenres	2	20428 | 20429
doblet	2	20773 | 20775
doblier	2	20779 | 20781
dolent	2	20560 | 20561
don	2	20631 | 20654
doucet	2	20791 | 20792
droit	2	20950 | 20951
dru	2	20969 | 20970
duchal	2	20998 | 21005
duire	2	21024 | 21025
durance	2	21062 | 21063
durement*	2	20971 | 21071
efeminer	2	21585 | 21587
eficace	2	21598 | 21599
efimere	2	25009 | 29268
embaus(s)emer	2	21982 | 21984
embevrer	2	22030 | 22102
emboivre	2	22027 | 22141
empaistrier	2	22368 | 22422
emperer	2	22400 | 35821
emploré	2	22470 | 22471
emprendre	2	22543 | 22544
enaissier	2	22622 | 22623
enceinte	2	22678 | 22681
encendrer	2	22686 | 22687
enchant2	2	22726 | 22727
encharner	2	22660 | 22755
encherir	2	22811 | 22812
enciter	2	22842 | 36158
encortiner	2	22984 | 22985
encrampelir	2	22991 | 22992
endenter	2	23046 | 23048
enemistié	2	23761 | 36867
enfanter	2	23183 | 23205
enfermier	2	23237 | 36698
enformer	2	23323 | 23324
enfosser	2	23334 | 23336
enfroiié	2	23361 | 23385
enfuster	2	23401 | 23403
engaignier	2	23412 | 23415
enganter	2	23428 | 23429
engrangier	2	23534 | 23535
engroissier	2	23568 | 23569
engroter	2	21781 | 21783
enhaitier	2	23583 | 23585
enjanglé	2	23660 | 23662
enmaioler	2	22207 | 26061
enmarer	2	22217 | 22218
enmende	2	22158 | 26076
enmessure	2	22239 | 23737
enmofler	2	22262 | 22270
enoiier	2	23788 | 23789
enquerre	2	23842 | 36981
enrer	2	23930 | 23931
enseler	2	23984 | 24005
ensivre1	2	24101 | 24102
ensorcerer	2	24063 | 24067
ensorquetot	2	24106 | 60235
ententif	2	24188 | 37262
enteriner	2	24201 | 37312
entituler	2	24243 | 37409
entoner1	2	24256 | 24281
entordre	2	24262 | 24265
entr'acoler	2	24291 | 24410
entr'embracier	2	24369 | 24548
entr'envïer	2	67508 | 67558
entr'öir	2	24783 | 67569
entrait	2	24315 | 24316
entredeus	2	24459 | 24460
entreduire	2	24468 | 24767
entrejesir	2	24492 | 24494
entrementier(s)	2	24560 | 24561
entremetre	2	24568 | 24573
entrepaiier	2	67557 | 67616
entreprise	2	24648 | 24649
entrerequerir	2	24651 | 24662
entroigne	2	24772 | 24775
entronisier	2	24777 | 37459
enubler	2	23778 | 45581
enval	2	24811 | 24855
envie	2	24802 | 24857
envoi	2	24884 | 24886
epilencie	2	25056 | 25057
ermin	2	25294 | 34561
error1	2	25316 | 25318
esbanoiier	2	25354 | 25359
esbaudir	2	21131 | 21979
escachier	2	25411 | 26424
escandlir	2	25446 | 25664
escarlate	2	21180 | 25430
escarteler	2	21184 | 21185
eschafauder	2	10665 | 21199
eschafe	2	25414 | 25415
eschare	2	25479 | 25534
eschauder	2	21259 | 21261
eschiele2	2	25574 | 26440
eschier1	2	25580 | 45393
eschivir	2	25597 | 25627
esclem	2	25657 | 25681
esclenc	2	22853 | 25683
escliste	2	25572 | 25698
esclistrer	2	25570 | 25700
escluignier	2	25690 | 25714
escluse	2	21369 | 25716
escoleter	2	25734 | 25735
escolorgier	2	25740 | 25743
escorchier	2	21393 | 21396
escorser	2	25840 | 25841
escrivain	2	21473 | 21474
escröe1	2	25899 | 25900
escuierie	2	21518 | 21523
esduit	2	25936 | 25937
esfroidir	2	21682 | 21694
esgarite	2	1905 | 25953
esgli(n)cier	2	21359 | 25691
eslire	2	21879 | 21887
esloide	2	23718 | 26040
esmeutir	2	26105 | 44017
esmognoner	2	26078 | 26089
esmovoir	2	22186 | 22316
espaignol	2	24918 | 26125
espaille	2	25017 | 26132
espardre	2	24962 | 26160
espargne	2	24952 | 24958
esparre	2	26173 | 26177
espasme	2	26189 | 60493
espece	2	25021 | 26213
especefiier	2	26222 | 60509
espeinte	2	26135 | 26229
esperdre	2	24993 | 24994
espere	2	26250 | 60535
esperit	2	26260 | 26403
esperitel	2	26314 | 60563
espesset	2	24925 | 67839
espiier1	2	25044 | 26282
espiner	2	25079 | 25083
esplorer	2	25127 | 25129
espoir	2	26346 | 26347
esposer2	2	25148 | 25150
espovrir	2	24980 | 25006
espringale	2	26390 | 26392
esprueve	2	25176 | 25179
espuer	2	26271 | 26413
espuisier	2	25189 | 26210
esquerre2	2	26431 | 27896
esquiper	2	25241 | 26456
essaiier	2	4810 | 26540
esseu	2	26569 | 26579
essever1	2	25567 | 26575
essil	2	27714 | 27715
essillier	2	27719 | 27720
est1	2	26628 | 27140
estagier1	2	27073 | 27077
estalier	2	27094 | 27095
estalon1* 2	26648 | 27098
estat	2	27126 | 27134
estechier	2	26725 | 26776
esteler2	2	27208 | 27209
estendre	2	27157 | 27158
esteule	2	26859 | 27177
estiere	2	26778 | 26779
estraver	2	26923 | 67694
estrecier	2	27266 | 27267
estreper	2	27260 | 27987
estrichier	2	26966 | 26967
estrieu	2	26932 | 27277
estrive	2	26971 | 26972
estroit	2	27290 | 27291
esvanir	2	27397 | 27398
esveillier	2	27417 | 27420
exterminer	2	27933 | 27935
face	2	28039 | 30275
faiticet	2	28218 | 28219
faitier	2	28210 | 28211
faitif	2	28086 | 28214
faitor	2	28080 | 28208
falot1	2	28250 | 28252
fanfelüe	2	28104 | 28308
fantosme	2	28334 | 28340
faoner	2	28074 | 28076
farce	2	28352 | 28353
faucillier1	2	28498 | 28500
feblet	2	28125 | 28126
fee1	2	28639 | 30301
feintiz	2	28665 | 28671
felonos	2	28708 | 28711
femele	2	28718 | 28720
femenin	2	28719 | 28728
feral	2	28785 | 28800
fermoir	2	28841 | 28849
ferrer	2	28875 | 28881
fert	2	28907 | 28908
festable	2	28961 | 28974
festal	2	28939 | 28962
feste	2	28204 | 28983
fester	2	28971 | 28984
feuchiere	2	29553 | 30315
feuge	2	28997 | 30312
feupe	2	29032 | 30910
feupier	2	29034 | 30913
filatiere	2	29208 | 48756
fileron	2	29213 | 29219
fine	2	28162 | 30325
flac	2	29360 | 29504
flajol	2	29386 | 29395
flaschet	2	29366 | 29506
fliche	2	29548 | 29612
florer	2	29590 | 29636
floreter	2	29592 | 29593
florier	2	29647 | 29648
foimentie	2	29747 | 29748
foirier1	2	28807 | 29754
fole	2	29312 | 30333
folet	2	29789 | 29814
folon	2	29802 | 30348
folor	2	29793 | 30342
foncel	2	28344 | 29834
fondefle	2	29869 | 61901
fonder2	2	29867 | 29876
forage	2	29931 | 29954
forchier1	2	30375 | 30381
forelore	2	30023 | 30720
formel1	2	30115 | 30116
forment	2	30192 | 31005
fornage	2	30416 | 30434
forsener	2	29965 | 29968
fortuner	2	30223 | 30225
fossoiier	2	30267 | 30268
frait	2	30554 | 30563
fraitiz	2	30569 | 30570
franc1	2	30577 | 30578
frengier	2	30623 | 30624
frere	2	6905 | 30769
frisquet	2	30933 | 30934
fuir	2	23396 | 31129
gabuserie	2	9432 | 31350
gaiet	2	31405 | 31406
gaimel	2	31422 | 31880
galee2	2	31449 | 31475
galet	2	31462 | 37818
galete	2	31468 | 31483
gantier2	2	31575 | 31576
gardenc	2	31621 | 67215
garennier	2	31680 | 31681
garol	2	31736 | 40139
gastelier	2	31789 | 31790
gaudine	2	31822 | 31823
gein	2	31906 | 32021
genest	2	31982 | 31986
genitier	2	32013 | 32018
genitif	2	32014 | 32015
gent1	2	32035 | 32036
gentil	2	32046 | 32048
girafe	2	4042 | 32227
gire	2	32232 | 32233
glacier	2	32279 | 32286
glai	2	32299 | 32338
glon	2	32335 | 32466
gluioter	2	32477 | 32481
gole	2	33540 | 33542
gordin	2	32750 | 32751
gorgier1	2	32622 | 32627
gorme	2	32770 | 32771
gote	2	32798 | 32799
gotier	2	32686 | 32810
goupil	2	32735 | 67158
goupille	2	32737 | 67159
graife	2	33087 | 33088
graisle	2	33103 | 33104
gravele	2	33029 | 33030
gravier	2	33043 | 33208
grer	2	33322 | 33420
grief	2	33223 | 33224
grille	2	32883 | 33256
grocier	2	33319 | 33355
grosset	2	33390 | 33391
guignier1	2	33580 | 33583
guiier	2	33561 | 33669
guiterne	2	33647 | 52582
guivre1	2	33653 | 67061
hait	2	17676 | 33814
haitier	2	33818 | 33820
hamede	2	33869 | 33874
harigot	2	34052 | 34067
hart	2	34127 | 35220
hastivet	2	34179 | 34192
haubergier3	2	34201 | 34204
havet	2	34282 | 34284
hechier	2	34349 | 34431
herberge	2	5379 | 34323
herbergerie	2	5383 | 34329
herbergier	2	5382 | 34327
herberjage	2	5380 | 34325
ho!	2	34774 | 34835
hoder	2	34806 | 34807
hoser	2	35164 | 35167
houssepignier	2	32738 | 35184
hurtebillier	2	34643 | 34644
hüeter	2	35103 | 35259
ier	2	5614 | 34697
ierre	2	21792 | 39534
il	2	35578 | 46129
iluec	2	35611 | 40267
incompassible	2	36206 | 36209
incontinent	2	36257 | 36258
indivis	2	36464 | 36468
instant	2	37153 | 37154
ir	2	2127 | 46137
ireter	2	1946 | 34540
iros	2	2147 | 37609
irosement*	2	2146 | 37608
irraisonable	2	37006 | 37621
irrecuperable	2	37008 | 37629
issue	2	37709 | 67315
iver1	2	2213 | 27445
ja	2	37768 | 37833
jaiolier	2	32066 | 32067
jart1	2	37938 | 67517
je	2	37986 | 38163
jetoir	2	38011 | 38016
joint1	2	38075 | 38076
joliver	2	38100 | 38108
jolivet	2	38101 | 38109
jonemente	2	38034 | 38225
jumel	2	31925 | 38327
jun	2	23666 | 38027
jurer	2	38362 | 38366
jus2	2	38385 | 38387
juste1	2	38397 | 38398
laboros	2	38495 | 38510
lace	2	38515 | 39430
laceron1	2	38523 | 39004
laicel	2	38531 | 38583
lange	2	38798 | 38799
langoste	2	38814 | 39873
lanier	2	38843 | 38844
laniier	2	38618 | 38845
larget	2	38931 | 38932
larron	2	38968 | 38969
lart	2	38907 | 39429
las	2	2267 | 38985
lasset	2	39006 | 39007
laudanon	2	38477 | 39070
lesche	2	38585 | 39142
leson	2	39313 | 39315
letrin	2	39352 | 40374
letron	2	39339 | 39353
lez	2	39413 | 39414
li	2	39418 | 39519
lignement1	2	39570 | 39587
lignet	2	39573 | 39591
ling1	2	39666 | 39686
liquide	2	39748 | 39749
lis	2	39757 | 67606
litarge	2	39787 | 39795
livre1	2	39476 | 39834
livre3	2	39471 | 39833
livree1	2	39836 | 39837
lois	2	39422 | 40103
loison	2	39423 | 67705
longiere	2	39974 | 39986
longuet	2	39996 | 39997
lope	2	40004 | 40137
loquet	2	40026 | 40028
losengier1	2	40074 | 40075
love-cerviere	2	40134 | 40172
luiton	2	40297 | 40371
lut	2	40366 | 40369
löerresse1	2	40120 | 40121
machier	2	40426 | 41292
maciere	2	40462 | 41651
macle	2	40466 | 43720
maigret	2	40591 | 40592
maille	2	40599 | 40600
maillet	2	40613 | 40614
mailluel	2	40623 | 40629
maimonet	2	40635 | 42071
maistre	2	40746 | 40748
maligne1	2	40946 | 40953
mamoné	2	40473 | 41065
manable	2	41067 | 41167
mangëor	2	41151 | 42677
mareschos	2	41304 | 41516
marle	2	40601 | 41483
marliere	2	40611 | 41485
marreglier	2	41427 | 41535
marrir	2	41541 | 41542
marroge	2	41548 | 41551
masse	2	41639 | 41656
mastic	2	21938 | 41658
mastin	2	41718 | 41722
mat	2	41674 | 41675
mater	2	41689 | 41690
materel	2	41695 | 41696
matinel	2	41721 | 41725
melancolie	2	41099 | 41988
menstre	2	42176 | 42178
mer	2	42260 | 43743
mesaisier	2	42381 | 42382
meschin	2	21317 | 41866
mesconter	2	41874 | 42407
mescroire	2	41892 | 41893
mesle mesle	2	47906 | 67584
mie1	2	42636 | 42637
miel	2	42639 | 42642
milier	2	42741 | 42742
minel	2	42778 | 42793
mipartir	2	42838 | 42839
misterïal	2	44032 | 44034
moienant	2	41848 | 43703
moison	2	43071 | 43073
moitoiier2	2	42512 | 43103
mole	2	43020 | 43109
monage	2	43178 | 43226
mor1	2	43327 | 43375
mort	2	43454 | 43455
mortaille	2	43460 | 43461
mortoire	2	43498 | 43500
mortüage	2	43457 | 43502
mosle	2	43598 | 43926
moudre1	2	42659 | 43571
mounier	2	41210 | 42578
moutepliier	2	43619 | 43832
muebler	2	42559 | 42561
muilon	2	42715 | 42743
mur	2	43850 | 43851
murer	2	43868 | 43869
murmurer	2	43893 | 43897
musëor1	2	43950 | 43951
nage	2	44058 | 44453
narde	2	44130 | 44132
nase	2	44164 | 44451
nasier	2	44168 | 44181
navílie	2	44280 | 44283
ne1	2	44302 | 44593
ne2	2	44303 | 44856
negier	2	44367 | 44368
nel	2	44330 | 44602
nent	2	44307 | 44308
nicet	2	44462 | 44463
nif	2	44073 | 44076
noble1	2	44548 | 44553
noielet	2	44860 | 44930
noiere	2	44492 | 44613
noinz	2	44617 | 44771
nomer	2	44694 | 44697
nos	2	44868 | 44961
nostre	2	44812 | 44851
notairie	2	44821 | 44822
note	2	44580 | 44828
novelet	2	44900 | 44902
nuble	2	44942 | 44943
nudité	2	44952 | 44960
nuisos	2	44970 | 44971
nuitantre	2	44977 | 44980
nul	2	44986 | 67704
oblee	2	46106 | 46109
obtenebrer	2	45173 | 45174
ochaison	2	22828 | 45241
ocult	2	45222 | 45224
oire	2	12793 | 45419
oiste	2	34834 | 45453
ole	2	45456 | 60116
olete	2	45466 | 60124
olier	2	35277 | 45465
olifant	2	21855 | 45468
olor	2	45462 | 60125
ombros	2	45507 | 45516
omecide	2	34845 | 34846
oneste	2	34890 | 34891
or2	2	45703 | 45810
orbet	2	45735 | 45736
ordiere	2	45766 | 45955
ore1	2	5533 | 45807
orgener	2	45848 | 45885
origan	2	45902 | 45903
original	2	45905 | 45910
orler	2	46148 | 46149
orribleté	2	34981 | 34984
ostage2	2	35038 | 46077
ostagier1	2	35039 | 46081
ostor	2	5599 | 46085
outrecuidier	2	46189 | 46190
ovrable1	2	46238 | 46239
ovrer	2	45331 | 46251
ovrir	2	46235 | 46258
paienisme	2	46363 | 46364
paillier	2	46388 | 46389
paler	2	46479 | 67526
pance	2	46650 | 50730
papegai	2	46697 | 46698
parage	2	46782 | 47073
parer1	2	46955 | 47000
parfaire	2	47019 | 47023
parfondir	2	22347 | 47043
parforcier	2	47049 | 50953
parforer	2	47050 | 48238
parge	2	47062 | 47063
parisin	2	47094 | 47095
parmanoir	2	48301 | 48303
parone	2	47184 | 47185
parservir	2	47252 | 48431
parvis	2	47371 | 67655
pas	2	47378 | 47379
pasmer	2	46568 | 46570
pasnaie	2	46583 | 47392
passible	2	47451 | 47452
past1	2	47471 | 47526
pastor	2	47486 | 47590
pasture2	2	47516 | 47639
patron	2	47616 | 47617
paupiere	2	47676 | 47677
pautoniere	2	47685 | 47686
pecine	2	47806 | 49154
peintor	2	47881 | 47882
pel1	2	46433 | 48887
pelete	2	46507 | 49711
pen	2	48066 | 48068
pendant	2	47992 | 47993
pendiz	2	48004 | 48008
pene	2	46626 | 48064
pens	2	48080 | 48084
per	2	46405 | 48855
perillement	2	48260 | 48262
perresil	2	48444 | 48445
pesle	2	48017 | 48556
pestel	2	48571 | 50289
pet	2	48596 | 48879
pignolat	2	48905 | 48909
pile1	2	48927 | 48928
piler1	2	48930 | 48944
piment	2	48898 | 48996
pincel1	2	49015 | 49017
pinçon	2	49050 | 52572
pis	2	47746 | 49149
pitable	2	49183 | 49200
plaquier	2	49380 | 49381
platine	2	46461 | 49413
plon	2	3625 | 49542
plonjon1	2	49577 | 49578
plote1	2	49601 | 49602
poil	2	49771 | 50394
poillier	2	50433 | 50434
point	2	49788 | 4978
poir	2	49818 | 50732
polain	2	50445 | 50446
polete	2	50462 | 50470
polipe	2	49940 | 49945
pollu	2	49926 | 49929
pomel	2	49951 | 49953
poncel	2	49994 | 49996
por	2	48664 | 52079
porchauchier	2	50531 | 50532
porloignier	2	51649 | 51654
pormener	2	50574 | 51659
poros	2	48668 | 50111
portier1	2	50207 | 50209
portiere	2	50210 | 50211
potel	2	50346 | 50347
pouture	2	50377 | 50727
pouz	2	50399 | 50733
povret	2	47692 | 47693
prelat	2	50981 | 50982
preposterer	2	51088 | 51089
preterit	2	51231 | 51233
prim	2	51318 | 51326
prince	2	51356 | 51358
princier	2	51367 | 51371
principalité	2	51376 | 51379
prison	2	51412 | 51413
prodomie	2	51961 | 51964
progene	2	51593 | 51594
pronostique	2	51707 | 51711
propre	2	51315 | 51779
prosement	2	50838 | 51554
prosperer	2	51829 | 51831
prostré	2	51846 | 51847
psile	2	52007 | 52008
pujois	2	52131 | 52132
pute	2	52244 | 52253
rabast	2	52655 | 52656
rabi	2	52669 | 52670
raciner	2	52781 | 52782
raconter	2	52793 | 52803
racornillier	2	52810 | 52811
radot	2	52867 | 52869
rafarderie	2	52889 | 54446
raiembre	2	52882 | 52982
raiier	2	53684 | 53685
ramentevance	2	53128 | 53132
rap	2	53302 | 53303
rape	2	53299 | 53300
rapeler	2	20902 | 53351
raser	2	53417 | 53418
rasoir	2	53423 | 53434
rassotir	2	53470 | 53476
raviser	2	53653 | 53654
ravoler	2	53649 | 53676
rebofer	2	53797 | 53842
reborser	2	53809 | 53811
recete	2	53912 | 54040
rechignier	2	53952 | 53955
ree	2	52978 | 54412
reflamboiier	2	54496 | 54497
refonder	2	54529 | 54530
reformer	2	54545 | 54546
refretoir	2	54449 | 54453
regon	2	54710 | 57046
regraignier	2	54643 | 54644
regreter	2	54786 | 54787
rein	2	54846 | 54850
rejehir	2	54877 | 54878
relacier	2	54899 | 54904
rele	2	57294 | 57482
relent	2	53724 | 54940
remetre	2	55106 | 55123
remplage	2	52883 | 55187
remplir	2	52884 | 55193
rendre	2	55344 | 55346
rengrever	2	23559 | 55414
renoiier1	2	55425 | 55427
renoille	2	33153 | 55471
renomer	2	55454 | 55457
renon	2	53226 | 55458
renvoisier	2	55555 | 55558
replaquier	2	22461 | 55696
reploi	2	55710 | 55718
reploiier	2	55714 | 55723
repos	2	55762 | 55791
reprueve	2	55208 | 55856
resasiier	2	55949 | 56164
resder	2	54329 | 55998
resderie	2	54330 | 55999
resoler1	2	55944 | 56082
resolutoire	2	56087 | 59728
resort	2	56200 | 56201
resortir	2	56205 | 56206
respas	2	55619 | 56115
ressuier	2	56222 | 56228
resteler	2	55964 | 56249
restequier	2	56250 | 56252
restorier1	2	56244 | 56245
rete2	2	56325 | 57302
retrenchier	2	26940 | 56438
ribaudel	2	56705 | 56706
rider2	2	56751 | 56757
rimor	2	56851 | 56852
riu	2	56782 | 57421
roierie	2	57299 | 57418
roisel	2	56005 | 56026
rondel	2	57136 | 57137
rondet	2	57135 | 57149
ronfler	2	57163 | 57304
rosseignol	2	57224 | 57228
rot	2	56870 | 57238
rote	2	56871 | 57243
rovrir	2	53271 | 57394
runer	2	53592 | 57555
rus	2	56497 | 57570
ruser	2	57573 | 57574
sablonoi	2	57637 | 57638
sacrer	2	57697 | 57700
sage	2	57742 | 59960
sagremor	2	57758 | 61587
saler	2	57854 | 57906
salir1	2	57785 | 57876
sandale2	2	57962 | 57966
sanguin	2	58002 | 58007
sanguinaire	2	58003 | 58004
sapin	2	58052 | 58053
sarcir	2	58078 | 59152
sautier1	2	52004 | 58279
sauvable	2	57917 | 58283
sauvagine	2	58292 | 58293
sauz	2	58186 | 58310
savon	2	58319 | 58329
scible	2	58443 | 58444
secorre1	2	58609 | 58612
seillon	2	58723 | 59403
sel1	2	58557 | 59324
seler	2	58415 | 58744
selve	2	58751 | 61598
semble	2	58768 | 67473
seminer	2	58785 | 58806
semoir	2	58788 | 58814
sen	2	58840 | 58860
senatoire2	2	58850 | 58851
serein	2	59040 | 59041
servable	2	59154 | 59172
setain	2	58973 | 58974
sidoine	2	59316 | 59317
siloc	2	59485 | 59486
simplet	2	59433 | 59434
sisamins	2	59491 | 59512
sobite	2	59969 | 60834
sobiter	2	59519 | 60836
sobreté	2	59525 | 59528
socïal	2	59543 | 67763
sogire	2	60079 | 60080
soigne2	2	59588 | 59599
soir	2	58951 | 59600
son	2	58952 | 59797
soner	2	58955 | 59829
soper	2	60159 | 60160
soploiier	2	60178 | 61215
sor	2	58256 | 59861
sor2	2	61028 | 61246
soret	2	58258 | 59898
sort2	2	60200 | 60201
sosclave	2	60282 | 61287
sosgorge	2	60324 | 61375
sosplanter	2	60363 | 61198
sospoiier	2	60376 | 61240
sostenail	2	60421 | 60422
sostenter	2	60929 | 61573
sotart	2	59934 | 59955
sotilet	2	60957 | 67467
stipendier	2	60686 | 60688
suire1	2	59556 | 61075
sur2	2	61247 | 61249
surrexit	2	61458 | 61459
taille	2	61761 | 63330
taillier1	2	61770 | 61779
taisson	2	61802 | 61803
tamarie	2	61852 | 61853
targier2	2	62015 | 62048
tartiere	2	62076 | 62077
tassel1	2	62094 | 62096
tassete	2	62105 | 62106
taupe	2	62036 | 62146
tavel	2	62162 | 62163
teil	2	62201 | 63367
tel	2	62223 | 64939
tempestos	2	62275 | 62278
temporal	2	62288 | 62297
temprement1	2	62293 | 62304
temproir	2	62310 | 64092
tenance	2	61885 | 62320
tendement	2	62334 | 62343
tenon	2	61895 | 62380
tenvece	2	62416 | 62422
ter	2	62431 | 64785
terroier	2	62562 | 62565
terçuel1	2	62778 | 62805
tir4	2	62924 | 62935
torbe1	2	63409 | 64869
tordoir	2	63215 | 63218
toreillier1	2	63223 | 63224
torse	2	63260 | 64660
trait	2	63658 | 63659
travail	2	63920 | 63921
travers	2	63941 | 63942
traversain	2	63944 | 63959
traversier	2	63955 | 63957
tresaler	2	64150 | 64151
trestot	2	64254 | 64255
triboler	2	64324 | 64336
trompe	2	64547 | 64548
trons	2	64592 | 64608
tru	2	64266 | 64687
truillier	2	64271 | 64539
ui	2	5483 | 35268
un	2	65015 | 65057
unir	2	5526 | 65040
usaire1	2	60786 | 65117
user	2	5549 | 65100
vairie	2	65246 | 65254
val1	2	65268 | 65270
vee	2	67048 | 67136
ver1	2	65774 | 67050
ver2	2	65775 | 67051
verié	2	67054 | 67055
vis	2	66686 | 66688
voir	2	66867 | 66868
voire	2	66872 | 66873
voisin	2	66889 | 66895
vole1	2	66216 | 66931
vole2	2	66589 | 66932
volet	2	66606 | 66954
